0 847 
1 484 
2 350 
3 576 
4 907 
5 386 
6 309 
6 935 
7 92 
8 286 
8 413 
9 223 
9 924 
9 966 
9 980 
10 492 
10 599 
11 684 
12 15 
12 90 
12 92 
12 150 
12 186 
12 241 
12 286 
12 449 
12 461 
12 555 
12 631 
12 659 
12 743 
12 757 
12 807 
12 850 
12 863 
12 873 
12 895 
12 907 
12 935 
12 978 
12 980 
12 997 
13 198 
14 514 
15 42 
15 53 
15 64 
15 81 
15 90 
15 112 
15 114 
15 119 
15 130 
15 150 
15 161 
15 198 
15 215 
15 223 
15 226 
15 241 
15 265 
15 282 
15 286 
15 295 
15 330 
15 373 
15 449 
15 507 
15 538 
15 541 
15 555 
15 556 
15 621 
15 631 
15 655 
15 659 
15 674 
15 684 
15 702 
15 757 
15 800 
15 819 
15 837 
15 843 
15 858 
15 873 
15 878 
15 895 
15 900 
15 907 
15 935 
15 984 
15 987 
15 990 
15 994 
15 997 
16 286 
17 985 
18 1 
18 130 
18 281 
18 447 
18 478 
18 484 
19 351 
20 323 
21 994 
22 757 
23 162 
24 326 
24 933 
25 438 
26 514 
27 78 
28 53 
28 977 
29 41 
30 440 
30 984 
31 632 
32 800 
33 162 
34 590 
35 100 
35 685 
36 53 
36 149 
36 186 
36 226 
36 259 
36 283 
36 410 
36 466 
36 471 
36 625 
36 659 
36 675 
36 700 
36 745 
36 765 
36 797 
36 847 
36 859 
36 878 
36 882 
36 884 
36 963 
37 818 
37 885 
37 996 
38 419 
39 675 
40 680 
41 122 
42 19 
42 150 
42 295 
42 347 
42 391 
42 393 
42 475 
42 614 
42 819 
42 895 
42 911 
42 997 
43 939 
44 157 
45 596 
46 433 
46 674 
46 866 
47 286 
47 536 
47 565 
48 396 
48 541 
48 631 
49 226 
49 234 
49 238 
49 886 
50 42 
50 150 
50 614 
50 726 
51 318 
51 497 
52 269 
53 36 
53 136 
53 186 
53 196 
53 198 
53 245 
53 259 
53 286 
53 350 
53 466 
53 471 
53 523 
53 593 
53 675 
53 700 
53 730 
53 745 
53 772 
53 797 
53 859 
53 899 
53 927 
53 935 
53 963 
53 977 
54 286 
54 394 
54 631 
54 641 
54 734 
55 425 
56 471 
57 309 
57 361 
57 604 
57 668 
57 826 
57 935 
58 286 
59 355 
59 449 
59 659 
59 895 
59 965 
60 206 
60 279 
61 150 
62 668 
63 774 
64 564 
65 497 
66 997 
67 223 
67 732 
68 256 
68 990 
69 555 
70 341 
71 150 
72 114 
72 330 
73 131 
74 7 
74 15 
74 92 
74 286 
74 348 
74 465 
74 659 
74 795 
74 800 
74 873 
74 884 
74 940 
74 958 
75 985 
76 136 
77 36 
78 389 
78 545 
79 344 
80 591 
81 556 
82 434 
82 806 
83 285 
84 104 
84 192 
84 276 
84 294 
84 567 
84 589 
84 611 
84 659 
84 699 
84 708 
84 866 
84 879 
84 893 
84 907 
84 932 
85 759 
86 150 
86 352 
86 379 
86 694 
86 735 
86 819 
86 835 
87 416 
87 659 
88 469 
88 590 
89 656 
90 12 
90 24 
90 389 
90 564 
90 631 
90 659 
90 863 
90 895 
90 907 
91 517 
92 7 
92 74 
92 281 
92 286 
92 365 
92 795 
92 873 
92 884 
92 895 
92 935 
92 940 
92 958 
92 990 
93 114 
93 585 
93 990 
94 756 
95 800 
96 552 
96 621 
96 795 
97 226 
97 475 
97 482 
97 507 
97 509 
97 857 
97 968 
98 366 
99 492 
99 576 
100 935 
101 819 
102 795 
103 124 
104 192 
105 215 
105 336 
105 649 
105 818 
105 885 
105 996 
106 619 
106 940 
107 990 
108 564 
109 800 
110 750 
111 465 
111 659 
112 87 
112 137 
112 160 
112 202 
112 282 
112 408 
112 469 
112 524 
112 528 
112 568 
112 572 
112 659 
112 720 
112 757 
112 800 
113 286 
114 150 
114 242 
114 288 
114 362 
114 375 
114 391 
114 393 
114 448 
114 540 
114 614 
114 735 
114 777 
114 814 
114 819 
114 895 
114 904 
114 964 
114 990 
114 997 
115 564 
116 158 
116 286 
117 520 
117 883 
118 929 
119 15 
120 957 
121 795 
122 895 
123 805 
124 140 
124 237 
124 519 
125 79 
126 613 
126 645 
127 819 
128 828 
128 935 
129 674 
130 1 
130 18 
130 72 
130 171 
130 230 
130 256 
130 269 
130 281 
130 298 
130 437 
130 478 
130 484 
130 498 
130 510 
130 555 
130 697 
130 704 
130 743 
130 773 
130 792 
130 839 
130 876 
130 930 
130 955 
130 994 
130 999 
131 454 
131 947 
132 868 
133 519 
134 895 
135 40 
135 591 
135 727 
135 853 
135 981 
136 36 
137 112 
137 659 
138 818 
139 329 
139 514 
139 957 
140 103 
140 124 
141 768 
142 150 
142 226 
142 391 
142 439 
142 990 
143 388 
143 434 
143 563 
143 591 
143 680 
143 683 
143 800 
143 853 
144 225 
144 270 
144 404 
144 659 
145 796 
145 849 
146 239 
146 351 
147 471 
147 490 
148 211 
148 409 
148 476 
148 742 
148 776 
148 925 
149 53 
149 350 
149 362 
149 466 
149 859 
150 42 
150 50 
150 57 
150 86 
150 114 
150 156 
150 159 
150 183 
150 242 
150 256 
150 268 
150 295 
150 299 
150 356 
150 359 
150 366 
150 391 
150 393 
150 439 
150 518 
150 549 
150 557 
150 614 
150 659 
150 710 
150 713 
150 735 
150 754 
150 756 
150 788 
150 800 
150 809 
150 819 
150 827 
150 838 
150 844 
150 863 
150 895 
150 944 
150 959 
150 975 
150 990 
150 997 
151 13 
151 168 
151 324 
151 988 
152 502 
152 816 
153 586 
153 971 
154 36 
154 130 
154 184 
154 202 
154 205 
154 286 
154 306 
154 322 
154 476 
154 497 
154 514 
154 535 
154 541 
154 555 
154 631 
154 659 
154 674 
154 757 
154 800 
154 849 
154 891 
154 907 
154 935 
155 591 
155 800 
155 878 
156 150 
156 295 
156 819 
157 33 
157 162 
157 167 
157 172 
157 272 
157 275 
157 377 
157 379 
157 609 
157 615 
157 679 
157 747 
157 760 
157 777 
157 836 
157 869 
157 887 
157 931 
158 115 
158 286 
158 413 
158 440 
158 453 
158 856 
158 920 
158 984 
159 150 
159 286 
159 990 
160 969 
161 150 
161 179 
161 233 
161 443 
161 659 
161 757 
161 893 
161 895 
161 907 
161 935 
162 23 
162 36 
162 157 
162 172 
162 223 
162 272 
162 379 
162 389 
162 522 
162 582 
162 594 
162 609 
162 679 
162 747 
162 760 
162 836 
162 922 
162 931 
163 463 
164 775 
165 198 
165 286 
165 398 
165 449 
165 631 
165 659 
165 873 
165 974 
165 984 
166 150 
166 393 
166 990 
167 157 
168 324 
168 631 
169 130 
169 819 
170 286 
170 819 
170 844 
170 997 
171 130 
171 286 
171 743 
171 930 
171 949 
171 955 
172 747 
172 836 
173 918 
174 176 
174 199 
174 421 
174 655 
175 198 
176 174 
176 199 
176 655 
176 895 
177 707 
178 130 
178 484 
178 510 
178 743 
179 443 
180 729 
181 147 
182 240 
183 707 
184 154 
185 954 
186 36 
186 53 
186 77 
186 149 
186 246 
186 283 
186 286 
186 466 
186 698 
186 772 
186 797 
186 897 
186 938 
186 977 
187 878 
188 763 
188 807 
189 617 
190 555 
190 684 
190 851 
190 860 
191 463 
191 527 
192 84 
192 294 
192 895 
192 984 
193 256 
193 904 
194 892 
195 774 
196 36 
196 53 
196 56 
197 368 
197 837 
198 12 
198 13 
198 122 
198 151 
198 168 
198 175 
198 195 
198 199 
198 223 
198 282 
198 324 
198 393 
198 413 
198 467 
198 507 
198 541 
198 659 
198 757 
198 770 
198 778 
198 786 
198 800 
198 814 
198 873 
198 907 
198 935 
198 977 
198 988 
199 174 
199 176 
199 286 
199 289 
199 421 
199 655 
199 659 
199 823 
199 935 
200 117 
200 520 
200 883 
201 4 
201 48 
201 53 
201 162 
201 176 
201 208 
201 226 
201 235 
201 258 
201 286 
201 389 
201 449 
201 547 
201 555 
201 589 
201 631 
201 659 
201 696 
201 702 
201 798 
201 800 
201 809 
201 838 
201 843 
201 849 
201 873 
201 878 
201 895 
201 907 
201 909 
201 920 
201 921 
201 984 
201 990 
202 22 
202 87 
202 112 
202 137 
202 282 
202 321 
202 469 
202 524 
202 528 
202 572 
202 659 
202 720 
202 820 
202 978 
203 862 
204 544 
205 154 
205 184 
205 341 
205 471 
205 555 
205 572 
205 635 
205 659 
205 680 
206 907 
207 328 
208 926 
209 769 
210 434 
210 680 
210 769 
210 800 
210 977 
211 148 
211 476 
211 772 
211 776 
211 925 
212 106 
212 715 
213 819 
214 407 
214 861 
215 229 
216 859 
217 687 
218 100 
219 286 
220 142 
221 271 
222 413 
223 15 
223 67 
223 198 
223 226 
223 286 
223 315 
223 323 
223 365 
223 389 
223 393 
223 411 
223 435 
223 449 
223 484 
223 537 
223 606 
223 614 
223 626 
223 631 
223 659 
223 674 
223 682 
223 683 
223 704 
223 732 
223 756 
223 800 
223 895 
223 906 
223 907 
223 997 
224 286 
224 427 
224 440 
224 564 
225 144 
226 15 
226 24 
226 33 
226 34 
226 86 
226 117 
226 130 
226 150 
226 151 
226 154 
226 157 
226 162 
226 223 
226 235 
226 252 
226 256 
226 275 
226 286 
226 323 
226 350 
226 354 
226 377 
226 387 
226 389 
226 422 
226 432 
226 439 
226 448 
226 449 
226 465 
226 528 
226 541 
226 544 
226 550 
226 555 
226 559 
226 589 
226 619 
226 631 
226 639 
226 659 
226 674 
226 680 
226 684 
226 699 
226 702 
226 715 
226 726 
226 737 
226 757 
226 760 
226 780 
226 795 
226 800 
226 808 
226 819 
226 822 
226 826 
226 843 
226 864 
226 873 
226 878 
226 895 
226 904 
226 907 
226 928 
226 935 
226 961 
226 966 
226 984 
226 990 
226 991 
226 994 
226 997 
227 150 
228 891 
229 37 
229 215 
229 496 
229 501 
229 649 
229 659 
229 756 
229 818 
229 853 
229 918 
229 996 
230 484 
231 386 
231 684 
232 481 
233 165 
233 286 
233 702 
233 717 
233 907 
233 917 
234 49 
234 238 
235 150 
235 391 
235 659 
235 809 
235 819 
236 822 
237 340 
238 49 
239 146 
240 75 
240 221 
240 256 
240 271 
240 286 
240 311 
240 432 
240 457 
240 631 
240 659 
240 895 
240 935 
241 44 
241 367 
241 851 
242 997 
243 559 
243 907 
244 713 
245 659 
245 882 
246 471 
246 641 
247 157 
248 859 
249 541 
250 286 
250 684 
250 709 
250 831 
251 408 
252 101 
252 551 
252 826 
253 444 
253 954 
253 978 
254 297 
255 229 
256 150 
256 295 
256 393 
256 417 
256 452 
256 614 
256 726 
256 754 
256 756 
256 800 
256 809 
256 819 
256 964 
256 966 
256 990 
256 997 
257 522 
258 659 
258 895 
258 929 
259 53 
259 404 
259 466 
259 659 
260 513 
261 799 
262 788 
263 186 
264 800 
265 15 
265 81 
265 119 
265 286 
265 528 
265 556 
265 631 
265 659 
265 853 
265 883 
265 935 
266 383 
267 256 
268 49 
268 154 
268 365 
268 758 
268 895 
269 130 
269 282 
269 298 
269 393 
269 484 
269 510 
269 630 
269 697 
269 743 
269 792 
269 818 
269 825 
269 876 
269 949 
270 144 
271 457 
272 157 
272 257 
272 609 
272 615 
273 346 
273 467 
274 404 
274 463 
275 157 
276 564 
277 280 
277 670 
278 502 
278 555 
278 631 
278 659 
278 665 
278 800 
278 935 
279 989 
280 277 
281 18 
281 130 
281 171 
281 484 
281 743 
281 821 
281 930 
282 87 
282 112 
282 137 
282 202 
282 251 
282 256 
282 418 
282 572 
282 659 
282 720 
282 969 
283 53 
283 186 
284 226 
284 578 
284 659 
285 83 
285 113 
285 916 
286 2 
286 8 
286 15 
286 30 
286 36 
286 43 
286 53 
286 57 
286 64 
286 72 
286 84 
286 92 
286 97 
286 108 
286 113 
286 114 
286 115 
286 116 
286 130 
286 150 
286 154 
286 158 
286 161 
286 185 
286 191 
286 198 
286 201 
286 219 
286 222 
286 223 
286 224 
286 226 
286 256 
286 269 
286 275 
286 287 
286 295 
286 330 
286 334 
286 343 
286 347 
286 350 
286 354 
286 364 
286 365 
286 376 
286 389 
286 390 
286 412 
286 413 
286 418 
286 419 
286 427 
286 440 
286 445 
286 448 
286 449 
286 453 
286 461 
286 475 
286 484 
286 489 
286 503 
286 507 
286 515 
286 520 
286 529 
286 530 
286 538 
286 552 
286 554 
286 555 
286 564 
286 591 
286 598 
286 601 
286 614 
286 621 
286 626 
286 628 
286 631 
286 643 
286 647 
286 659 
286 665 
286 674 
286 676 
286 680 
286 685 
286 702 
286 722 
286 743 
286 747 
286 757 
286 765 
286 775 
286 780 
286 785 
286 788 
286 795 
286 800 
286 809 
286 813 
286 814 
286 819 
286 839 
286 843 
286 844 
286 847 
286 856 
286 869 
286 873 
286 874 
286 878 
286 889 
286 895 
286 907 
286 912 
286 920 
286 921 
286 933 
286 935 
286 956 
286 977 
286 978 
286 979 
286 980 
286 984 
286 990 
286 997 
287 561 
287 991 
288 228 
288 338 
288 448 
288 589 
289 823 
290 150 
290 658 
290 900 
291 258 
292 663 
293 160 
294 699 
295 16 
295 106 
295 114 
295 150 
295 159 
295 186 
295 256 
295 286 
295 356 
295 366 
295 391 
295 393 
295 416 
295 539 
295 585 
295 614 
295 674 
295 713 
295 754 
295 819 
295 904 
295 990 
295 997 
296 317 
296 541 
297 525 
298 484 
299 42 
299 150 
299 518 
300 164 
300 775 
301 449 
302 542 
303 109 
303 680 
304 467 
304 614 
304 945 
305 806 
306 133 
307 684 
308 410 
309 57 
309 62 
309 85 
309 252 
309 304 
309 361 
309 424 
309 438 
309 551 
309 604 
309 607 
309 646 
309 659 
309 668 
309 749 
309 826 
309 854 
309 935 
309 976 
309 978 
310 44 
310 95 
310 356 
310 448 
310 819 
311 12 
311 109 
311 157 
311 186 
311 198 
311 221 
311 240 
311 271 
311 286 
311 389 
311 432 
311 449 
311 457 
311 528 
311 589 
311 596 
311 645 
311 659 
311 702 
311 757 
311 785 
311 800 
311 895 
311 935 
311 997 
312 639 
313 197 
313 514 
314 328 
314 980 
315 519 
315 855 
316 555 
317 296 
317 612 
317 659 
317 800 
317 855 
317 895 
318 164 
319 171 
319 330 
319 441 
319 555 
319 664 
319 680 
319 800 
319 878 
319 895 
320 997 
321 408 
321 659 
322 12 
322 53 
322 109 
322 169 
322 198 
322 286 
322 484 
322 526 
322 589 
322 631 
322 659 
322 702 
322 757 
322 795 
322 800 
322 878 
322 895 
322 997 
323 286 
323 532 
323 659 
324 13 
324 151 
324 168 
324 175 
324 186 
324 198 
324 282 
324 659 
324 778 
324 786 
324 988 
325 351 
326 24 
327 150 
327 170 
328 207 
328 370 
328 393 
328 980 
329 957 
330 126 
330 153 
330 202 
330 226 
330 286 
330 327 
330 340 
330 449 
330 555 
330 587 
330 614 
330 645 
330 649 
330 659 
330 674 
330 718 
330 757 
330 785 
330 800 
330 873 
330 878 
330 895 
330 907 
330 918 
330 986 
330 990 
331 492 
332 537 
332 621 
333 479 
334 387 
335 150 
335 895 
336 935 
337 21 
338 891 
339 564 
339 608 
340 237 
340 983 
341 70 
341 226 
341 286 
341 295 
341 387 
341 446 
341 502 
341 659 
341 800 
341 837 
341 935 
341 991 
342 659 
342 684 
343 15 
343 54 
343 226 
343 286 
343 386 
343 449 
343 562 
343 565 
343 588 
343 631 
343 659 
343 757 
343 873 
343 895 
343 984 
344 79 
344 125 
344 435 
344 921 
344 935 
345 150 
346 262 
346 788 
346 821 
347 150 
347 235 
347 614 
347 819 
348 172 
348 836 
349 684 
350 2 
350 22 
350 86 
350 237 
350 260 
350 286 
350 330 
350 379 
350 393 
350 537 
350 606 
350 632 
350 659 
350 674 
350 684 
350 764 
350 800 
350 819 
350 839 
350 873 
350 883 
350 895 
350 907 
350 935 
350 956 
350 960 
350 993 
351 19 
351 111 
351 235 
351 286 
351 308 
351 325 
351 389 
351 393 
352 150 
352 310 
352 990 
352 997 
353 547 
353 923 
354 295 
354 356 
354 819 
355 59 
355 384 
356 106 
356 150 
356 156 
356 256 
356 352 
356 384 
356 497 
356 518 
356 521 
356 694 
356 756 
356 819 
356 990 
356 997 
357 295 
358 980 
359 150 
359 393 
359 990 
360 659 
360 852 
360 908 
361 309 
362 93 
362 150 
362 170 
362 439 
363 391 
364 12 
364 53 
364 150 
364 286 
364 570 
364 621 
364 659 
364 907 
364 915 
365 42 
365 200 
365 223 
365 226 
365 268 
365 286 
365 295 
365 364 
365 389 
365 449 
365 472 
365 564 
365 614 
365 659 
365 702 
365 757 
365 758 
365 837 
365 895 
365 935 
366 150 
366 220 
366 256 
366 295 
366 423 
366 614 
366 819 
366 997 
367 241 
367 851 
368 514 
368 813 
368 837 
368 986 
369 603 
370 207 
370 314 
370 328 
370 332 
370 436 
370 833 
370 895 
370 980 
371 36 
371 859 
372 327 
373 841 
374 659 
375 990 
376 158 
377 286 
377 316 
378 637 
379 157 
379 162 
379 747 
379 836 
380 620 
381 489 
382 150 
383 547 
384 114 
384 539 
384 819 
385 819 
386 164 
386 191 
386 231 
386 250 
386 274 
386 288 
386 300 
386 342 
386 397 
386 429 
386 449 
386 463 
386 527 
386 636 
386 659 
386 672 
386 684 
386 753 
386 775 
386 870 
386 895 
386 901 
387 150 
387 237 
387 334 
387 393 
387 449 
387 621 
387 659 
387 674 
387 684 
387 800 
387 834 
387 895 
387 935 
387 966 
387 991 
388 95 
388 800 
389 9 
389 27 
389 50 
389 53 
389 78 
389 86 
389 130 
389 150 
389 162 
389 210 
389 286 
389 330 
389 393 
389 433 
389 445 
389 449 
389 465 
389 475 
389 507 
389 519 
389 589 
389 591 
389 614 
389 631 
389 645 
389 659 
389 668 
389 674 
389 702 
389 743 
389 757 
389 779 
389 800 
389 810 
389 819 
389 822 
389 873 
389 883 
389 895 
389 907 
389 935 
389 990 
390 114 
391 33 
391 150 
391 235 
391 295 
391 310 
391 393 
391 410 
391 448 
391 458 
391 614 
391 659 
391 756 
391 819 
391 830 
391 844 
391 895 
391 904 
391 979 
391 997 
391 998 
392 967 
393 42 
393 61 
393 114 
393 150 
393 256 
393 295 
393 352 
393 356 
393 391 
393 399 
393 587 
393 614 
393 619 
393 637 
393 662 
393 710 
393 715 
393 819 
393 830 
393 844 
393 910 
393 975 
393 977 
393 990 
393 997 
394 54 
395 253 
395 954 
396 282 
397 342 
398 550 
398 661 
399 150 
399 819 
400 871 
401 150 
401 819 
402 58 
403 405 
404 775 
404 870 
405 837 
406 707 
407 214 
408 659 
409 476 
410 368 
410 514 
410 957 
411 732 
412 286 
412 856 
413 8 
413 286 
413 440 
413 643 
413 665 
413 984 
414 132 
414 533 
414 868 
415 447 
416 546 
416 819 
416 990 
417 587 
418 659 
418 969 
419 38 
419 286 
419 389 
419 433 
419 493 
419 659 
419 684 
419 757 
419 800 
419 841 
419 895 
419 935 
420 957 
421 289 
422 226 
422 961 
423 150 
423 735 
423 819 
423 990 
424 309 
424 646 
424 668 
425 755 
426 819 
427 564 
428 150 
428 540 
428 819 
428 966 
429 300 
430 575 
430 775 
431 983 
432 114 
432 221 
432 240 
432 271 
432 286 
432 311 
432 457 
432 631 
432 659 
432 895 
432 935 
433 564 
433 674 
434 800 
434 878 
435 79 
436 980 
437 18 
438 935 
439 150 
439 256 
439 347 
439 356 
439 521 
439 814 
439 990 
439 997 
440 116 
440 158 
440 286 
440 427 
440 564 
440 626 
440 665 
440 856 
440 984 
441 751 
442 83 
442 149 
442 659 
442 800 
442 894 
442 895 
443 179 
444 954 
444 978 
445 389 
446 341 
447 484 
448 114 
448 150 
448 750 
448 975 
448 990 
449 15 
449 28 
449 42 
449 46 
449 63 
449 72 
449 92 
449 97 
449 114 
449 130 
449 150 
449 157 
449 160 
449 176 
449 197 
449 201 
449 209 
449 212 
449 223 
449 226 
449 231 
449 256 
449 265 
449 286 
449 295 
449 303 
449 309 
449 311 
449 320 
449 322 
449 330 
449 343 
449 350 
449 370 
449 389 
449 391 
449 393 
449 472 
449 484 
449 486 
449 505 
449 507 
449 511 
449 541 
449 547 
449 551 
449 555 
449 576 
449 587 
449 589 
449 606 
449 614 
449 621 
449 631 
449 659 
449 674 
449 684 
449 702 
449 706 
449 743 
449 756 
449 757 
449 769 
449 773 
449 775 
449 788 
449 795 
449 798 
449 800 
449 819 
449 820 
449 825 
449 826 
449 839 
449 843 
449 849 
449 856 
449 873 
449 878 
449 895 
449 904 
449 907 
449 931 
449 935 
449 956 
449 963 
449 977 
449 978 
449 980 
449 984 
449 988 
449 990 
450 548 
451 130 
452 295 
453 413 
454 73 
455 254 
456 499 
456 538 
456 895 
457 311 
458 150 
459 150 
460 800 
461 535 
461 906 
462 414 
462 533 
463 66 
463 250 
463 386 
463 636 
463 684 
463 775 
464 734 
464 881 
464 907 
465 36 
465 111 
465 130 
465 286 
465 322 
465 449 
465 471 
465 631 
465 659 
465 722 
465 757 
465 813 
465 819 
465 834 
465 843 
465 848 
465 895 
465 907 
465 935 
465 984 
466 36 
466 53 
466 196 
466 259 
466 897 
466 938 
466 953 
467 262 
467 273 
467 346 
467 659 
467 788 
467 800 
467 821 
467 851 
468 997 
469 112 
470 583 
471 28 
471 36 
471 53 
471 149 
471 182 
471 186 
471 245 
471 466 
471 490 
471 625 
471 675 
471 765 
471 859 
471 977 
471 984 
472 145 
472 286 
472 374 
472 659 
472 666 
472 796 
472 849 
472 895 
472 935 
473 946 
474 743 
475 97 
475 286 
475 482 
475 507 
475 509 
475 754 
475 857 
475 877 
475 882 
475 896 
475 968 
475 984 
476 148 
476 211 
476 776 
476 869 
476 940 
477 819 
478 269 
479 139 
480 315 
481 232 
481 449 
481 895 
482 507 
483 42 
484 1 
484 18 
484 52 
484 105 
484 130 
484 171 
484 178 
484 248 
484 253 
484 269 
484 281 
484 286 
484 298 
484 437 
484 447 
484 451 
484 461 
484 478 
484 498 
484 510 
484 527 
484 559 
484 580 
484 614 
484 630 
484 659 
484 682 
484 697 
484 743 
484 773 
484 792 
484 800 
484 825 
484 876 
484 895 
484 930 
484 949 
484 955 
485 36 
485 449 
485 627 
485 659 
485 843 
486 635 
487 157 
488 461 
489 226 
489 381 
489 935 
490 53 
490 897 
491 150 
492 10 
492 331 
493 419 
494 241 
494 367 
494 851 
495 895 
496 229 
496 501 
496 818 
496 996 
497 51 
497 65 
497 318 
497 895 
498 130 
498 269 
498 281 
498 682 
499 456 
500 780 
500 903 
500 956 
501 215 
501 229 
501 255 
501 496 
501 649 
501 659 
501 818 
501 996 
502 189 
502 389 
502 671 
503 440 
504 687 
504 781 
505 48 
505 150 
505 211 
505 249 
505 286 
505 484 
505 541 
505 555 
505 631 
505 659 
505 660 
505 702 
505 757 
505 864 
505 895 
505 913 
505 956 
506 187 
506 530 
507 97 
507 198 
507 205 
507 226 
507 286 
507 330 
507 391 
507 441 
507 449 
507 475 
507 482 
507 509 
507 631 
507 659 
507 674 
507 702 
507 757 
507 847 
507 857 
507 895 
507 896 
507 907 
507 943 
507 968 
507 984 
507 997 
508 471 
509 896 
510 171 
510 248 
510 269 
511 449 
512 657 
513 611 
514 162 
514 368 
514 420 
514 813 
514 837 
514 957 
515 286 
515 626 
516 500 
517 91 
517 382 
517 634 
517 935 
518 142 
518 150 
518 677 
518 819 
519 103 
519 124 
519 133 
519 659 
519 801 
520 200 
520 749 
521 68 
521 114 
521 391 
521 566 
521 614 
522 379 
523 905 
524 202 
525 297 
526 322 
527 689 
527 870 
528 112 
528 321 
528 659 
529 224 
530 563 
531 919 
532 20 
532 323 
532 614 
532 907 
533 132 
533 414 
533 462 
533 868 
534 549 
535 797 
536 565 
536 600 
537 332 
538 2 
538 42 
538 150 
538 165 
538 201 
538 269 
538 286 
538 330 
538 393 
538 449 
538 456 
538 499 
538 507 
538 614 
538 623 
538 624 
538 631 
538 659 
538 702 
538 757 
538 795 
538 800 
538 817 
538 847 
538 857 
538 907 
538 918 
538 935 
538 997 
539 614 
539 819 
540 357 
541 48 
541 201 
541 249 
541 284 
541 286 
541 389 
541 409 
541 492 
541 505 
541 631 
541 659 
541 788 
541 800 
541 818 
541 819 
541 864 
541 873 
541 895 
541 907 
541 913 
542 512 
543 481 
544 157 
545 755 
546 752 
546 804 
547 266 
547 353 
547 494 
547 923 
548 150 
548 286 
548 450 
549 256 
549 844 
549 997 
550 384 
550 614 
550 927 
551 57 
551 604 
551 668 
551 749 
551 935 
552 995 
553 595 
553 757 
554 889 
555 12 
555 15 
555 50 
555 51 
555 84 
555 112 
555 130 
555 146 
555 150 
555 154 
555 223 
555 226 
555 237 
555 278 
555 286 
555 311 
555 386 
555 410 
555 431 
555 432 
555 440 
555 448 
555 449 
555 472 
555 614 
555 631 
555 639 
555 652 
555 659 
555 665 
555 694 
555 702 
555 756 
555 757 
555 765 
555 783 
555 785 
555 800 
555 822 
555 839 
555 860 
555 863 
555 873 
555 878 
555 895 
555 907 
555 935 
555 984 
555 990 
556 15 
556 81 
557 614 
558 231 
559 226 
559 243 
559 545 
559 800 
560 504 
560 505 
560 588 
560 687 
561 287 
561 991 
562 129 
562 178 
562 343 
563 680 
564 15 
564 46 
564 90 
564 108 
564 158 
564 224 
564 286 
564 365 
564 440 
564 626 
564 647 
564 663 
564 920 
564 984 
565 47 
565 536 
565 984 
566 997 
567 192 
568 572 
569 598 
570 364 
570 659 
570 895 
570 915 
571 684 
572 112 
572 282 
572 659 
572 969 
573 818 
574 650 
575 200 
575 393 
575 430 
575 723 
576 3 
576 99 
576 311 
576 623 
576 659 
576 740 
576 795 
576 843 
576 863 
576 895 
576 911 
576 935 
577 749 
578 284 
579 877 
579 895 
580 761 
581 695 
582 157 
582 379 
582 615 
583 368 
583 671 
583 957 
584 150 
584 226 
584 286 
584 389 
584 659 
584 739 
584 789 
584 895 
584 990 
584 999 
585 168 
586 618 
587 114 
587 150 
587 244 
587 327 
587 345 
587 754 
587 756 
587 819 
587 966 
587 997 
588 687 
589 15 
589 61 
589 146 
589 154 
589 198 
589 228 
589 264 
589 288 
589 338 
589 391 
589 449 
589 621 
589 659 
589 757 
589 800 
589 873 
589 878 
589 891 
589 895 
589 907 
589 935 
589 984 
590 34 
590 88 
590 150 
590 185 
590 253 
590 395 
590 444 
590 501 
590 547 
590 895 
590 928 
590 954 
590 978 
590 987 
591 32 
591 40 
591 82 
591 282 
591 295 
591 530 
591 599 
591 769 
591 800 
591 853 
591 878 
592 952 
593 938 
594 544 
595 226 
595 553 
596 45 
596 659 
596 742 
597 712 
597 783 
598 569 
599 10 
599 492 
600 957 
601 628 
601 659 
602 150 
602 844 
603 369 
603 659 
604 286 
604 361 
604 577 
604 668 
604 673 
604 935 
605 985 
606 223 
607 62 
607 309 
607 668 
608 339 
609 162 
609 379 
610 663 
611 260 
612 286 
613 645 
614 42 
614 71 
614 93 
614 150 
614 166 
614 295 
614 299 
614 327 
614 391 
614 393 
614 399 
614 416 
614 423 
614 439 
614 521 
614 550 
614 642 
614 659 
614 688 
614 735 
614 777 
614 800 
614 819 
614 835 
614 836 
614 844 
614 846 
614 904 
614 933 
614 964 
614 990 
614 997 
615 157 
616 787 
617 189 
618 153 
619 150 
619 295 
619 391 
619 614 
619 975 
620 380 
621 96 
621 102 
621 121 
621 205 
621 286 
621 419 
621 449 
621 552 
621 659 
621 710 
621 795 
621 798 
621 800 
621 839 
621 857 
621 863 
621 895 
621 904 
621 907 
621 935 
621 995 
621 997 
622 162 
623 576 
623 984 
624 65 
624 171 
624 188 
624 286 
624 392 
624 659 
624 691 
624 711 
624 757 
624 763 
624 807 
624 895 
624 907 
624 935 
624 967 
624 997 
625 53 
626 413 
626 515 
626 665 
626 676 
626 785 
626 912 
627 843 
628 158 
629 53 
629 490 
630 437 
631 48 
631 92 
631 93 
631 139 
631 148 
631 150 
631 161 
631 162 
631 186 
631 198 
631 199 
631 201 
631 223 
631 226 
631 229 
631 249 
631 256 
631 278 
631 286 
631 309 
631 323 
631 373 
631 386 
631 389 
631 393 
631 409 
631 419 
631 440 
631 449 
631 456 
631 484 
631 492 
631 505 
631 507 
631 514 
631 538 
631 541 
631 582 
631 603 
631 619 
631 655 
631 659 
631 661 
631 670 
631 671 
631 674 
631 680 
631 702 
631 757 
631 760 
631 787 
631 795 
631 800 
631 809 
631 819 
631 834 
631 851 
631 860 
631 863 
631 864 
631 871 
631 873 
631 878 
631 891 
631 893 
631 895 
631 907 
631 910 
631 913 
631 921 
631 932 
631 935 
631 978 
631 984 
631 990 
631 997 
632 31 
632 659 
633 410 
633 837 
634 517 
635 486 
636 463 
636 684 
637 378 
637 943 
638 150 
638 800 
638 990 
639 0 
639 312 
639 688 
639 707 
639 721 
639 724 
639 746 
639 779 
640 797 
641 471 
642 19 
642 997 
643 984 
644 386 
645 126 
645 286 
645 613 
645 659 
646 309 
646 668 
646 935 
647 564 
648 86 
648 150 
649 105 
649 138 
649 215 
649 229 
649 286 
649 496 
649 501 
649 573 
649 653 
649 818 
649 885 
649 996 
650 367 
650 880 
651 292 
652 53 
653 150 
654 659 
654 766 
655 174 
655 176 
655 199 
655 289 
655 421 
655 800 
655 907 
656 470 
657 542 
658 290 
658 900 
659 12 
659 15 
659 22 
659 36 
659 74 
659 84 
659 87 
659 92 
659 112 
659 114 
659 124 
659 130 
659 137 
659 150 
659 160 
659 161 
659 162 
659 186 
659 198 
659 201 
659 202 
659 221 
659 223 
659 226 
659 245 
659 248 
659 251 
659 258 
659 282 
659 286 
659 293 
659 295 
659 304 
659 309 
659 311 
659 317 
659 319 
659 321 
659 322 
659 324 
659 330 
659 341 
659 343 
659 353 
659 356 
659 386 
659 389 
659 393 
659 396 
659 408 
659 409 
659 418 
659 419 
659 432 
659 440 
659 449 
659 453 
659 455 
659 459 
659 463 
659 466 
659 469 
659 471 
659 473 
659 484 
659 489 
659 505 
659 507 
659 510 
659 515 
659 524 
659 528 
659 532 
659 538 
659 541 
659 549 
659 553 
659 555 
659 564 
659 568 
659 569 
659 572 
659 582 
659 591 
659 601 
659 614 
659 631 
659 634 
659 641 
659 667 
659 670 
659 671 
659 674 
659 680 
659 693 
659 694 
659 697 
659 702 
659 708 
659 720 
659 754 
659 756 
659 757 
659 761 
659 777 
659 795 
659 800 
659 809 
659 813 
659 819 
659 820 
659 822 
659 837 
659 850 
659 863 
659 870 
659 872 
659 873 
659 878 
659 884 
659 885 
659 894 
659 895 
659 904 
659 907 
659 914 
659 924 
659 935 
659 938 
659 967 
659 969 
659 977 
659 978 
659 980 
659 984 
659 989 
659 990 
659 991 
659 997 
660 166 
660 393 
661 398 
662 966 
663 76 
663 292 
664 198 
664 319 
665 564 
665 626 
666 145 
666 472 
667 203 
667 862 
668 6 
668 57 
668 309 
668 424 
668 438 
668 551 
668 749 
668 826 
668 935 
669 970 
670 277 
671 186 
671 502 
671 505 
671 659 
671 711 
671 780 
671 800 
671 878 
672 300 
672 684 
673 252 
673 935 
674 46 
674 47 
674 53 
674 57 
674 129 
674 150 
674 186 
674 198 
674 201 
674 205 
674 211 
674 226 
674 241 
674 286 
674 311 
674 343 
674 358 
674 389 
674 393 
674 433 
674 439 
674 440 
674 449 
674 488 
674 498 
674 538 
674 555 
674 631 
674 659 
674 684 
674 702 
674 703 
674 757 
674 800 
674 802 
674 817 
674 819 
674 826 
674 866 
674 873 
674 895 
674 907 
674 932 
674 935 
674 991 
675 91 
676 376 
677 150 
677 907 
678 549 
679 157 
680 32 
680 135 
680 143 
680 155 
680 180 
680 209 
680 210 
680 434 
680 530 
680 591 
680 659 
680 683 
680 691 
680 696 
680 722 
680 741 
680 753 
680 769 
680 794 
680 800 
680 806 
680 878 
680 981 
681 962 
682 130 
682 484 
683 423 
684 163 
684 164 
684 191 
684 231 
684 250 
684 274 
684 286 
684 300 
684 307 
684 342 
684 349 
684 386 
684 397 
684 404 
684 463 
684 527 
684 558 
684 571 
684 636 
684 644 
684 659 
684 672 
684 689 
684 728 
684 753 
684 775 
684 870 
684 895 
684 901 
684 997 
685 35 
686 162 
687 194 
687 217 
687 218 
687 504 
687 560 
687 941 
687 984 
688 639 
688 721 
689 684 
690 560 
691 143 
691 878 
692 837 
693 957 
694 150 
695 581 
695 659 
695 674 
695 865 
696 201 
696 449 
696 907 
697 52 
697 269 
698 977 
699 192 
699 708 
700 36 
700 245 
701 150 
701 990 
702 12 
702 15 
702 17 
702 50 
702 105 
702 112 
702 114 
702 130 
702 150 
702 152 
702 161 
702 162 
702 201 
702 225 
702 226 
702 241 
702 264 
702 286 
702 295 
702 309 
702 319 
702 350 
702 386 
702 389 
702 391 
702 393 
702 424 
702 440 
702 449 
702 489 
702 507 
702 521 
702 539 
702 541 
702 551 
702 555 
702 590 
702 591 
702 614 
702 624 
702 631 
702 659 
702 667 
702 672 
702 674 
702 684 
702 694 
702 711 
702 743 
702 757 
702 759 
702 782 
702 788 
702 800 
702 822 
702 843 
702 844 
702 895 
702 907 
702 911 
702 924 
702 927 
702 935 
702 936 
702 956 
702 984 
702 994 
703 150 
703 172 
703 904 
703 990 
704 707 
705 123 
706 291 
707 183 
707 704 
708 84 
708 699 
709 870 
710 170 
710 936 
710 979 
710 997 
711 659 
711 702 
711 800 
711 895 
711 984 
712 597 
713 150 
713 310 
713 393 
713 402 
714 768 
715 12 
715 391 
715 448 
715 819 
715 990 
715 997 
716 49 
717 233 
718 330 
719 36 
719 977 
720 659 
721 639 
721 779 
722 465 
722 590 
722 834 
723 575 
724 688 
725 0 
726 150 
726 286 
726 352 
726 819 
726 904 
726 997 
727 143 
727 878 
728 753 
729 727 
729 878 
730 402 
730 466 
731 150 
731 387 
732 223 
733 487 
734 616 
734 787 
734 881 
734 948 
735 50 
735 235 
735 614 
735 819 
735 997 
736 236 
736 286 
736 822 
736 843 
737 114 
737 201 
737 226 
737 258 
737 286 
737 330 
737 398 
737 422 
737 471 
737 484 
737 555 
737 596 
737 631 
737 659 
737 674 
737 839 
737 935 
737 961 
738 560 
739 897 
740 576 
741 996 
742 596 
743 18 
743 130 
743 269 
743 281 
743 298 
743 447 
743 478 
743 484 
743 498 
743 773 
743 825 
743 955 
743 975 
744 243 
744 555 
744 743 
744 783 
744 800 
745 53 
745 641 
745 772 
746 639 
747 157 
747 162 
747 379 
747 449 
747 686 
747 836 
747 907 
747 921 
748 295 
748 777 
748 815 
749 57 
749 304 
749 309 
749 604 
749 668 
750 110 
751 935 
752 546 
753 386 
753 397 
753 463 
753 672 
753 684 
754 150 
754 330 
754 393 
754 800 
754 819 
754 935 
754 990 
755 55 
756 42 
756 86 
756 114 
756 142 
756 150 
756 295 
756 468 
756 587 
756 614 
756 746 
756 819 
756 966 
756 990 
756 997 
757 12 
757 15 
757 17 
757 32 
757 78 
757 84 
757 97 
757 112 
757 124 
757 130 
757 150 
757 152 
757 154 
757 162 
757 201 
757 226 
757 264 
757 286 
757 295 
757 319 
757 323 
757 346 
757 356 
757 360 
757 386 
757 389 
757 393 
757 424 
757 434 
757 439 
757 449 
757 451 
757 489 
757 505 
757 507 
757 511 
757 521 
757 528 
757 539 
757 541 
757 546 
757 551 
757 555 
757 564 
757 587 
757 591 
757 621 
757 631 
757 650 
757 659 
757 674 
757 684 
757 702 
757 723 
757 743 
757 756 
757 775 
757 777 
757 795 
757 800 
757 819 
757 821 
757 822 
757 878 
757 881 
757 884 
757 887 
757 895 
757 907 
757 935 
757 940 
757 956 
757 978 
757 984 
757 990 
757 992 
758 268 
759 254 
760 23 
760 157 
760 162 
760 622 
760 887 
761 580 
761 659 
761 973 
762 583 
762 957 
763 159 
764 692 
765 36 
765 53 
765 730 
766 286 
766 654 
766 935 
767 40 
768 150 
769 53 
769 109 
769 386 
769 800 
769 878 
770 261 
771 259 
772 36 
772 53 
773 269 
773 564 
774 63 
775 11 
775 130 
775 164 
775 191 
775 307 
775 386 
775 463 
775 527 
775 558 
775 672 
775 684 
775 709 
775 870 
776 148 
776 211 
777 114 
777 150 
777 393 
777 439 
777 521 
778 198 
779 226 
779 312 
779 639 
779 659 
779 688 
779 721 
780 888 
781 194 
781 687 
782 963 
783 286 
783 659 
783 744 
783 935 
784 139 
784 957 
785 286 
785 659 
785 703 
785 984 
786 198 
787 464 
787 616 
787 734 
787 757 
787 881 
788 57 
788 226 
788 262 
788 273 
788 286 
788 346 
788 449 
788 467 
788 659 
788 743 
788 821 
788 895 
788 935 
789 739 
790 143 
790 591 
791 53 
792 130 
792 447 
793 393 
794 878 
795 15 
795 30 
795 42 
795 67 
795 96 
795 102 
795 121 
795 205 
795 286 
795 295 
795 309 
795 330 
795 552 
795 621 
795 659 
795 680 
795 711 
795 757 
795 798 
795 839 
795 873 
795 907 
795 990 
795 995 
795 996 
796 849 
797 53 
797 674 
798 96 
798 621 
798 795 
798 917 
799 659 
800 15 
800 20 
800 28 
800 31 
800 32 
800 40 
800 80 
800 82 
800 86 
800 95 
800 109 
800 121 
800 122 
800 127 
800 135 
800 136 
800 143 
800 150 
800 154 
800 155 
800 157 
800 170 
800 180 
800 186 
800 187 
800 198 
800 201 
800 209 
800 210 
800 214 
800 226 
800 240 
800 264 
800 269 
800 270 
800 286 
800 295 
800 303 
800 305 
800 311 
800 319 
800 330 
800 350 
800 351 
800 388 
800 389 
800 393 
800 410 
800 428 
800 432 
800 434 
800 449 
800 460 
800 463 
800 472 
800 484 
800 496 
800 506 
800 530 
800 538 
800 539 
800 555 
800 563 
800 589 
800 591 
800 615 
800 624 
800 631 
800 658 
800 659 
800 671 
800 680 
800 684 
800 691 
800 702 
800 715 
800 716 
800 727 
800 729 
800 741 
800 745 
800 757 
800 767 
800 769 
800 790 
800 794 
800 806 
800 813 
800 818 
800 819 
800 821 
800 822 
800 853 
800 858 
800 860 
800 873 
800 878 
800 895 
800 907 
800 935 
800 939 
800 944 
800 969 
800 981 
800 990 
800 997 
801 519 
802 60 
803 935 
804 223 
804 895 
805 733 
806 305 
806 322 
806 680 
806 800 
806 878 
807 624 
807 967 
808 194 
808 560 
809 150 
809 295 
809 800 
809 819 
809 990 
810 614 
811 757 
812 534 
812 575 
813 837 
814 150 
814 587 
814 669 
814 715 
814 819 
815 843 
816 152 
817 674 
817 800 
818 37 
818 105 
818 215 
818 229 
818 255 
818 286 
818 496 
818 501 
818 573 
818 649 
818 659 
818 885 
818 895 
818 996 
819 42 
819 72 
819 86 
819 93 
819 114 
819 150 
819 159 
819 220 
819 256 
819 295 
819 352 
819 356 
819 366 
819 391 
819 393 
819 439 
819 448 
819 459 
819 539 
819 587 
819 602 
819 614 
819 619 
819 659 
819 713 
819 735 
819 756 
819 757 
819 827 
819 835 
819 844 
819 904 
819 935 
819 966 
819 990 
819 997 
820 321 
821 141 
821 262 
821 273 
821 346 
821 449 
821 467 
821 649 
821 788 
822 134 
822 201 
822 202 
822 223 
822 226 
822 236 
822 283 
822 286 
822 350 
822 449 
822 484 
822 515 
822 607 
822 631 
822 649 
822 659 
822 702 
822 736 
822 756 
822 800 
822 878 
822 895 
822 907 
822 984 
823 174 
824 700 
825 484 
826 57 
826 85 
826 668 
826 749 
826 918 
826 935 
827 904 
827 990 
828 128 
828 389 
828 890 
829 935 
830 295 
831 636 
832 150 
833 328 
834 15 
834 111 
834 286 
834 465 
834 659 
834 674 
834 722 
834 800 
834 870 
834 907 
835 114 
835 997 
836 44 
836 157 
836 162 
836 286 
836 622 
837 89 
837 120 
837 139 
837 514 
837 531 
837 957 
838 150 
838 659 
839 15 
839 25 
839 96 
839 102 
839 121 
839 149 
839 423 
839 484 
839 552 
839 621 
839 659 
839 795 
839 798 
839 956 
839 995 
840 553 
841 373 
841 605 
841 816 
842 819 
843 15 
843 92 
843 127 
843 194 
843 201 
843 211 
843 233 
843 286 
843 389 
843 415 
843 485 
843 547 
843 589 
843 627 
843 659 
843 680 
843 684 
843 753 
843 757 
843 794 
843 800 
843 822 
843 887 
843 895 
843 907 
843 978 
843 984 
844 150 
844 538 
844 597 
844 638 
844 800 
844 819 
844 910 
844 990 
845 174 
846 235 
847 0 
847 226 
847 644 
847 659 
847 725 
847 877 
847 984 
848 926 
849 796 
850 935 
851 241 
851 286 
851 367 
851 494 
851 907 
852 360 
853 135 
853 591 
854 309 
855 317 
856 286 
856 665 
856 924 
857 475 
857 896 
858 210 
858 800 
859 53 
859 56 
859 186 
859 196 
859 471 
859 490 
859 772 
860 172 
860 190 
860 286 
860 350 
860 432 
860 449 
860 484 
860 507 
860 526 
860 659 
860 702 
860 788 
860 800 
861 214 
862 667 
862 795 
863 90 
864 48 
864 631 
865 695 
866 433 
866 817 
867 157 
867 162 
868 462 
868 533 
869 148 
870 86 
870 386 
870 397 
870 429 
870 558 
870 659 
870 684 
871 53 
871 201 
871 286 
871 400 
871 659 
871 680 
871 800 
871 935 
872 232 
873 7 
873 15 
873 36 
873 74 
873 92 
873 114 
873 136 
873 150 
873 154 
873 157 
873 164 
873 192 
873 194 
873 211 
873 226 
873 233 
873 256 
873 265 
873 269 
873 270 
873 286 
873 347 
873 376 
873 389 
873 393 
873 415 
873 428 
873 439 
873 449 
873 463 
873 476 
873 484 
873 505 
873 507 
873 526 
873 538 
873 590 
873 597 
873 631 
873 638 
873 644 
873 659 
873 671 
873 692 
873 702 
873 737 
873 753 
873 757 
873 773 
873 788 
873 800 
873 822 
873 847 
873 851 
873 860 
873 884 
873 895 
873 907 
873 927 
873 935 
873 940 
873 958 
873 984 
873 990 
873 994 
874 286 
875 347 
876 171 
876 230 
877 161 
877 286 
877 558 
877 579 
877 659 
878 18 
878 40 
878 82 
878 95 
878 121 
878 135 
878 143 
878 155 
878 170 
878 180 
878 187 
878 209 
878 210 
878 286 
878 303 
878 305 
878 388 
878 434 
878 449 
878 460 
878 506 
878 530 
878 591 
878 659 
878 680 
878 691 
878 704 
878 716 
878 727 
878 729 
878 757 
878 767 
878 769 
878 794 
878 800 
878 806 
878 850 
878 853 
878 858 
878 935 
878 959 
879 190 
880 574 
881 286 
881 464 
881 616 
881 659 
881 734 
881 787 
881 800 
881 859 
881 948 
882 283 
882 963 
883 117 
883 200 
883 213 
883 520 
883 529 
883 659 
883 895 
883 935 
883 997 
884 7 
884 74 
884 92 
884 648 
884 873 
885 37 
886 49 
887 157 
887 379 
887 760 
888 903 
889 116 
889 984 
890 594 
891 228 
891 288 
891 338 
891 468 
891 589 
892 338 
893 54 
893 286 
893 621 
893 659 
893 800 
893 935 
893 942 
894 442 
895 8 
895 12 
895 15 
895 29 
895 37 
895 41 
895 54 
895 67 
895 96 
895 112 
895 114 
895 122 
895 130 
895 150 
895 154 
895 157 
895 158 
895 161 
895 162 
895 166 
895 186 
895 199 
895 201 
895 219 
895 223 
895 226 
895 240 
895 266 
895 276 
895 278 
895 286 
895 288 
895 292 
895 309 
895 314 
895 324 
895 343 
895 350 
895 365 
895 389 
895 391 
895 398 
895 448 
895 449 
895 464 
895 465 
895 467 
895 475 
895 484 
895 495 
895 507 
895 517 
895 533 
895 538 
895 546 
895 555 
895 556 
895 572 
895 575 
895 589 
895 614 
895 621 
895 624 
895 630 
895 631 
895 648 
895 649 
895 659 
895 660 
895 668 
895 673 
895 674 
895 680 
895 684 
895 690 
895 702 
895 713 
895 729 
895 735 
895 743 
895 744 
895 756 
895 757 
895 762 
895 775 
895 788 
895 792 
895 793 
895 795 
895 800 
895 809 
895 818 
895 819 
895 821 
895 822 
895 836 
895 839 
895 843 
895 851 
895 859 
895 860 
895 873 
895 878 
895 903 
895 907 
895 911 
895 935 
895 951 
895 952 
895 956 
895 967 
895 971 
895 979 
895 984 
895 990 
895 991 
895 992 
896 857 
897 245 
898 614 
899 53 
900 290 
901 684 
902 295 
903 956 
904 150 
904 327 
904 352 
904 354 
904 391 
904 619 
904 710 
904 819 
905 963 
906 223 
907 4 
907 18 
907 36 
907 53 
907 54 
907 74 
907 84 
907 100 
907 105 
907 112 
907 114 
907 117 
907 130 
907 150 
907 151 
907 157 
907 161 
907 162 
907 164 
907 171 
907 176 
907 198 
907 199 
907 201 
907 210 
907 223 
907 226 
907 240 
907 249 
907 250 
907 266 
907 276 
907 286 
907 327 
907 330 
907 343 
907 350 
907 365 
907 367 
907 386 
907 387 
907 389 
907 393 
907 449 
907 477 
907 484 
907 485 
907 538 
907 543 
907 549 
907 555 
907 560 
907 572 
907 575 
907 576 
907 584 
907 589 
907 591 
907 614 
907 621 
907 624 
907 626 
907 631 
907 636 
907 643 
907 649 
907 655 
907 659 
907 684 
907 692 
907 696 
907 702 
907 705 
907 718 
907 729 
907 735 
907 753 
907 757 
907 771 
907 784 
907 800 
907 819 
907 822 
907 836 
907 839 
907 851 
907 859 
907 873 
907 878 
907 895 
907 909 
907 921 
907 935 
907 956 
907 977 
907 984 
907 990 
907 991 
907 994 
907 997 
908 360 
909 382 
910 150 
910 286 
911 256 
911 819 
912 286 
912 984 
913 505 
914 53 
915 364 
916 285 
917 233 
918 6 
918 231 
918 309 
919 531 
920 115 
920 286 
920 412 
920 413 
920 984 
921 79 
921 125 
921 344 
921 435 
921 659 
921 673 
921 895 
921 997 
922 33 
923 843 
924 9 
925 148 
926 208 
926 415 
927 550 
927 659 
927 878 
928 286 
928 590 
928 954 
929 258 
929 286 
930 130 
930 269 
930 517 
931 760 
932 192 
932 699 
932 708 
933 24 
933 171 
934 715 
935 6 
935 12 
935 24 
935 25 
935 37 
935 42 
935 57 
935 62 
935 74 
935 84 
935 85 
935 90 
935 105 
935 114 
935 115 
935 130 
935 137 
935 150 
935 154 
935 157 
935 166 
935 173 
935 201 
935 214 
935 226 
935 237 
935 240 
935 248 
935 252 
935 286 
935 288 
935 304 
935 309 
935 311 
935 314 
935 319 
935 324 
935 343 
935 361 
935 386 
935 389 
935 424 
935 438 
935 442 
935 448 
935 449 
935 458 
935 464 
935 471 
935 483 
935 484 
935 517 
935 532 
935 533 
935 538 
935 551 
935 555 
935 577 
935 578 
935 589 
935 604 
935 607 
935 614 
935 618 
935 619 
935 621 
935 631 
935 638 
935 646 
935 649 
935 655 
935 659 
935 664 
935 668 
935 673 
935 674 
935 680 
935 684 
935 702 
935 713 
935 726 
935 743 
935 744 
935 749 
935 757 
935 775 
935 788 
935 793 
935 800 
935 818 
935 822 
935 826 
935 843 
935 850 
935 854 
935 859 
935 860 
935 873 
935 877 
935 878 
935 886 
935 895 
935 898 
935 903 
935 907 
935 911 
935 918 
935 920 
935 921 
935 945 
935 951 
935 969 
935 976 
935 984 
935 990 
935 997 
936 256 
936 439 
937 245 
938 36 
938 53 
939 123 
939 705 
940 7 
941 862 
941 892 
942 612 
942 893 
943 637 
944 715 
944 935 
945 935 
946 473 
947 454 
948 787 
949 484 
950 317 
951 150 
951 356 
951 990 
952 592 
953 977 
954 590 
954 978 
954 987 
955 269 
956 15 
956 130 
956 157 
956 272 
956 282 
956 286 
956 306 
956 389 
956 500 
956 516 
956 541 
956 616 
956 659 
956 686 
956 743 
956 780 
956 788 
956 800 
956 819 
956 822 
956 873 
956 883 
956 888 
956 895 
956 903 
956 907 
956 935 
956 951 
956 990 
957 139 
957 308 
957 333 
957 368 
957 420 
957 514 
957 600 
957 784 
957 837 
957 907 
958 74 
959 150 
960 150 
961 226 
962 659 
962 681 
963 53 
963 186 
963 466 
963 471 
963 659 
963 702 
964 150 
965 59 
966 150 
966 295 
966 352 
966 754 
966 990 
966 997 
967 188 
967 392 
967 624 
967 659 
967 807 
967 828 
968 857 
969 202 
969 408 
969 418 
969 659 
970 217 
970 687 
970 941 
971 618 
972 259 
973 761 
974 165 
975 107 
975 299 
975 754 
975 770 
975 936 
976 668 
976 945 
977 36 
977 53 
977 186 
977 242 
977 245 
977 259 
977 461 
977 471 
977 488 
977 659 
977 684 
977 765 
977 859 
977 938 
977 953 
977 963 
978 34 
978 253 
978 395 
978 444 
978 590 
978 674 
978 800 
978 954 
979 393 
979 614 
979 659 
980 162 
980 207 
980 286 
980 314 
980 328 
980 370 
980 436 
980 630 
980 659 
980 728 
980 786 
980 833 
980 935 
980 997 
981 434 
982 150 
983 340 
984 8 
984 30 
984 64 
984 108 
984 113 
984 115 
984 116 
984 150 
984 158 
984 198 
984 201 
984 219 
984 224 
984 226 
984 286 
984 314 
984 315 
984 410 
984 412 
984 413 
984 427 
984 440 
984 453 
984 463 
984 503 
984 515 
984 554 
984 564 
984 626 
984 628 
984 647 
984 659 
984 665 
984 676 
984 710 
984 757 
984 785 
984 794 
984 800 
984 856 
984 874 
984 889 
984 895 
984 912 
984 920 
984 943 
985 17 
985 605 
986 139 
986 633 
986 659 
987 954 
988 13 
988 198 
988 778 
989 206 
990 19 
990 50 
990 114 
990 150 
990 220 
990 235 
990 256 
990 295 
990 345 
990 356 
990 384 
990 391 
990 393 
990 423 
990 458 
990 521 
990 543 
990 587 
990 610 
990 614 
990 659 
990 678 
990 735 
990 754 
990 809 
990 814 
990 819 
990 827 
990 830 
990 835 
990 844 
990 902 
990 936 
990 997 
991 36 
991 161 
991 166 
991 286 
991 287 
991 448 
991 517 
991 561 
991 621 
991 659 
991 822 
991 907 
991 921 
991 935 
992 122 
993 350 
994 21 
994 54 
994 223 
994 286 
994 321 
994 337 
994 341 
994 449 
994 465 
994 505 
994 631 
994 659 
994 660 
994 664 
994 713 
994 757 
994 800 
994 873 
994 878 
994 895 
994 956 
995 465 
996 649 
996 727 
996 774 
996 818 
997 42 
997 93 
997 114 
997 150 
997 213 
997 256 
997 286 
997 295 
997 310 
997 354 
997 356 
997 391 
997 393 
997 401 
997 521 
997 549 
997 587 
997 614 
997 619 
997 659 
997 683 
997 713 
997 735 
997 748 
997 756 
997 814 
997 819 
997 832 
997 895 
997 904 
997 936 
997 990 
998 819 
999 584 
